meta :
  timeStamp : 2025-06-17T09:06:33.731Z
Kp: 0.006834990622289861
VelocityPhaseLag: 10.0
VelocityPhaseMargin: 65.0
Wc: 64.15931925801728
Ki: 0.07732437911022552
