meta :
  timeStamp : 2025-06-17T09:06:33.728Z
CurrentPhaseMargin: 80.0
Kp: 0.6144267815235616
CurrentPhaseLag: 45.0
Wc: 2067.896312733674
Ki: 1270.5708759573915
